place(-12.060, 1.000, -3.322, "Militant", 600)
upgrade(-12.060, 2.350, -3.322, 300)
upgrade(-12.060, 2.350, -3.322, 850)
place(-15.335, 1.000, -8.977, "Pyromancer", 900)
upgrade(-15.335, 2.350, -8.977, 325)
place(-12.027, 1.000, -8.917, "Militant", 600)
upgrade(-12.027, 2.350, -8.917, 300)
upgrade(-12.027, 2.350, -8.917, 850)
place(-11.968, 1.000, -0.110, "Militant", 600)
upgrade(-11.968, 2.350, -0.110, 300)
upgrade(-11.968, 2.350, -0.110, 850)
place(-8.940, 1.000, -8.984, "Militant", 600)
upgrade(-8.940, 2.350, -8.984, 300)
upgrade(-8.940, 2.350, -8.984, 850)
place(-24.287, 1.000, -6.560, "Shotgunner", 1225)
place(-24.197, 1.000, -6.194, "Shotgunner", 1225)
upgrade(-24.197, 2.350, -6.194, 640)
upgrade(-24.197, 2.350, -6.194, 1550)
place(-20.106, 1.000, -12.460, "Shotgunner", 1225)
upgrade(-20.106, 2.350, -12.460, 640)
upgrade(-20.106, 2.350, -12.460, 1550)
place(-18.294, 1.000, -5.277, "Shotgunner", 1225)
upgrade(-18.294, 2.350, -5.277, 640)
upgrade(-18.294, 2.350, -5.277, 1550)
place(-18.175, 1.000, -2.475, "Commander", 650)
upgrade(-18.175, 2.700, -2.475, 400)
upgrade(-18.175, 2.700, -2.475, 2450)
CommanderAbility(-18.175, 2.700, -2.475, 1690)
place(-18.202, 1.000, -11.047, "Shotgunner", 1225)
upgrade(-18.202, 2.350, -11.047, 640)
upgrade(-18.202, 2.350, -11.047, 1550)
place(-11.723, 1.000, 3.019, "Militant", 600)
upgrade(-11.723, 2.350, 3.019, 300)
upgrade(-11.723, 2.350, 3.019, 850)
place(-9.046, 1.000, -3.227, "Militant", 600)
upgrade(-9.046, 2.350, -3.227, 300)
upgrade(-9.046, 2.350, -3.227, 850)
CommanderAbility(-18.175, 2.700, -2.475, 1467)
place(-8.915, 1.000, 0.346, "Militant", 600)
upgrade(-8.915, 2.350, 0.346, 300)
upgrade(-8.915, 2.350, 0.346, 850)
place(-8.584, 1.000, 3.334, "Militant", 600)
upgrade(-8.584, 2.350, 3.334, 300)
upgrade(-8.584, 2.350, 3.334, 850)
place(-5.861, 1.000, -8.900, "Militant", 600)
upgrade(-5.861, 2.350, -8.900, 300)
upgrade(-5.861, 2.350, -8.900, 850)
CommanderAbility(-18.175, 2.700, -2.475, 5958)
place(-13.599, 1.000, -11.836, "Commander", 650)
upgrade(-13.599, 2.700, -11.836, 400)
upgrade(-13.599, 2.700, -11.836, 2450)
CommanderAbility(-13.599, 2.700, -11.836, 6891)
upgrade(-15.335, 2.350, -8.977, 1000)
upgrade(-15.335, 2.350, -8.977, 1750)
upgrade(-15.335, 2.350, -8.977, 3750)
CommanderAbility(-18.175, 2.700, -2.475, 6869)
upgrade(-18.175, 2.700, -2.475, 4500)
upgrade(-13.599, 2.700, -11.836, 4500)
CommanderAbility(-13.599, 2.700, -11.836, 4507)
upgrade(-12.060, 2.350, -3.322, 2750)
upgrade(-12.060, 2.620, -3.322, 8000)
CommanderAbility(-18.175, 2.700, -2.475, 1696)
upgrade(-11.968, 2.350, -0.110, 2750)
CommanderAbility(-13.599, 2.700, -11.836, 5683)
upgrade(-11.968, 2.620, -0.110, 8000)
upgrade(-12.027, 2.350, -8.917, 2750)
CommanderAbility(-18.175, 2.700, -2.475, 6547)
upgrade(-12.027, 2.620, -8.917, 8000)
CommanderAbility(-13.599, 2.700, -11.836, 3910)
upgrade(-8.940, 2.350, -8.984, 2750)
upgrade(-8.940, 2.620, -8.984, 8000)
CommanderAbility(-18.175, 2.700, -2.475, 2779)
upgrade(-9.046, 2.350, -3.227, 2750)
CommanderAbility(-13.599, 2.700, -11.836, 7478)
upgrade(-9.046, 2.620, -3.227, 8000)
upgrade(-8.915, 2.350, 0.346, 2750)
upgrade(-8.915, 2.620, 0.346, 8000)
CommanderAbility(-18.175, 2.700, -2.475, 632)
CommanderAbility(-13.599, 2.700, -11.836, 7867)
upgrade(-5.861, 2.350, -8.900, 2750)
upgrade(-5.861, 2.620, -8.900, 8000)
upgrade(-8.584, 2.350, 3.334, 2750)
CommanderAbility(-18.175, 2.700, -2.475, 5842)
upgrade(-8.584, 2.620, 3.334, 8000)
CommanderAbility(-13.599, 2.700, -11.836, 10238)
CommanderAbility(-18.175, 2.700, -2.475, 18638)
CommanderAbility(-13.599, 2.700, -11.836, 26198)
CommanderAbility(-18.175, 2.700, -2.475, 36194)
upgrade(-11.723, 2.350, 3.019, 2750)
upgrade(-11.723, 2.620, 3.019, 8000)
CommanderAbility(-13.599, 2.700, -11.836, 31181)
upgrade(-15.335, 2.350, -8.977, 11111)
CommanderAbility(-18.175, 2.700, -2.475, 28652)
CommanderAbility(-13.599, 2.700, -11.836, 34482)
CommanderAbility(-18.175, 2.700, -2.475, 42528)
CommanderAbility(-13.599, 2.700, -11.836, 45528)
CommanderAbility(-18.175, 2.700, -2.475, 57457)
CommanderAbility(-13.599, 2.700, -11.836, 62538)
CommanderAbility(-18.175, 2.700, -2.475, 76507)
